10.17397
10.16076
10.14755
10.1344
10.12126
9.966259
9.766599
9.766599
9.766599
9.766599
9.742184
9.742184
9.717887
9.717887
9.693708
9.693708
9.621862
9.645696
9.645696
9.645696
9.645696
9.693708
9.693708
9.693708
9.621862
9.621862
9.598142
9.598142
9.598142
9.598142
9.574534
9.527655
9.527655
9.574534
9.598142
9.645696
9.645696
9.645696
9.504382
9.504382
9.504382
9.504382
9.504382
9.435217
9.435217
9.435217
9.551039
9.551039
9.551039
9.551039
9.598142
9.598142
9.645696
9.645696
9.645696
9.621862
9.621862
9.621862
9.621862
9.621862
9.621862
9.598142
9.598142
9.551039
9.551039
9.598142
9.669644
9.766599
9.766599
9.766599
9.621862
9.621862
9.621862
9.645696
9.645696
9.645696
9.669644
9.645696
9.598142
9.598142
9.598142
9.598142
9.598142
9.574534
9.645696
9.669644
9.669644
9.669644
9.693708
9.693708
9.669644
9.669644
9.669644
9.669644
9.693708
9.717887
9.693708
9.693708
9.717887
9.693708
9.669644
9.693708
9.693708
9.693708
9.645696
9.645696
9.645696
9.669644
9.669644
9.693708
9.693708
9.717887
9.742184
9.766599
9.766599
9.766599
9.766599
9.791132
9.791132
9.766599
9.766599
9.766599
9.766599
9.766599
9.766599
9.717887
9.717887
9.717887
9.717887
9.717887
9.717887
9.742184
9.742184
9.621862
9.481218
9.481218
9.481218
8.977063
9.039858
9.039858
9.039858
9.299768
9.412378
9.458163
9.458163
9.458163
9.458163
9.481218
9.693708
9.693708
9.693708
9.458163
9.458163
9.412378
9.412378
9.367019
8.915106
8.67534
8.429297
8.338225
8.320238
8.302327
8.213877
8.059179
8.059179
8.213877
8.503552
9.146426
9.233445
10.58686
11.7936
13.38764
16.47096
20.97706
26.49844
27.19057
31.48412
33.22114
35.44757
101.2449
113.8911
113.8911
113.8911
113.8911
113.8911
116.795
116.795
116.795
119.8457
119.8457
119.8457
119.8457
108.4835
108.4835
111.1237
111.1237
111.1237
123.0544
123.0544
123.0544
123.0544
123.0544
119.8457
113.8911
113.8911
113.8911
116.795
116.795
119.8457
119.8457
119.8457
119.8457
119.8457
113.8911
113.8911
113.8911
113.8911
116.795
116.795
116.795
116.795
116.795
113.8911
113.8911
113.8911
113.8911
113.8911
116.795
116.795
116.795
116.795
116.795
116.795
119.8457
119.8457
119.8457
119.8457
111.1237
105.962
105.962
108.4835
111.1237
111.1237
113.8911
113.8911
113.8911
116.795
116.795
116.795
116.795
116.795
116.795
113.8911
113.8911
113.8911
113.8911
113.8911
108.4835
113.8911
113.8911
113.8911
113.8911
113.8911
113.8911
113.8911
111.1237
111.1237
111.1237
111.1237
113.8911
113.8911
116.795
116.795
116.795
113.8911
113.8911
113.8911
113.8911
113.8911
113.8911
113.8911
113.8911
111.1237
113.8911
111.1237
105.962
47.69308
36.99156
27.19057
22.46918
13.43284
11.72351
11.15876
11.15876
11.72351
11.72351
11.15876
8.636587
8.636587
8.466267
8.249037
7.942703
7.942703
7.942703
11.31932
12.58164
13.6633
15.28218
15.34059
18.01121
18.6737
22.59249
28.88326
55.6317
187.3881
187.3881
187.3881
180.2362
180.2362
180.2362
173.5942
167.41
167.41
167.41
167.41
195.1101
195.1101
195.1101
195.1101
203.4723
195.1101
195.1101
180.2362
180.2362
180.2362
167.41
180.2362
187.3881
187.3881
180.2362
195.1101
195.1101
195.1101
195.1101
195.1101
195.1101
195.1101
195.1101
195.1101
195.1101
195.1101
180.2362
180.2362
180.2362
180.2362
187.3881
187.3881
195.1101
203.4723
203.4723
195.1101
195.1101
187.3881
180.2362
180.2362
173.5942
173.5942
180.2362
173.5942
180.2362
180.2362
195.1101
187.3881
195.1101
187.3881
195.1101
195.1101
195.1101
203.4723
203.4723
203.4723
203.4723
203.4723
203.4723
203.4723
203.4723
203.4723
212.5569
203.4723
212.5569
203.4723
203.4723
187.3881
161.6383
161.6383
161.6383
161.6383
173.5942
173.5942
173.5942
173.5942
161.6383
161.6383
161.6383
167.41
167.41
167.41
180.2362
180.2362
180.2362
180.2362
180.2362
187.3881
167.41
187.3881
180.2362
187.3881
180.2362
187.3881
180.2362
187.3881
180.2362
173.5942
167.41
167.41
156.2394
156.2394
161.6383
161.6383
187.3881
187.3881
187.3881
156.2394
156.2394
151.1789
126.4335
36.99156
23.76415
19.76066
19.385
14.66701
13.07934
12.90927
7.627182
6.49695
6.49695
6.49695
7.434794
10.20052
10.85052
10.85052
10.85052
10.85052
10.85052
14.45503
16.14114
17.09867
17.09867
17.24449
17.09867
16.88435
16.88435
16.88435
16.88435
18.5037
18.5037
18.33667
18.33667
18.33667
18.17253
18.01121
18.01121
18.01121
18.25424
18.41982
18.5037
18.41982
18.5037
18.5037
18.5037
18.5037
18.5037
18.5037
18.5037
18.5037
18.5037
18.5037
18.5037
19.57109
19.66543
19.66543
19.85678
19.95382
20.15066
20.2505
20.2505
20.2505
20.15066
20.2505
20.8702
20.8702
19.95382
19.95382
19.95382
19.76066
19.95382
20.55583
20.55583
20.55583
20.55583
20.55583
20.55583
20.55583
20.55583
20.35129
20.35129
21.3041
21.3041
21.08499
21.3041
21.08499
21.08499
21.41532
21.52766
21.52766
21.75581
21.52766
21.52766
21.75581
21.75581
21.194
21.64115
21.75581
21.64115
21.52766
21.52766
20.76438
19.95382
19.11221
19.11221
19.11221
19.47762
19.47762
19.76066
19.95382
19.95382
20.2505
20.2505
20.2505
20.05177
20.05177
19.95382
19.66543
19.66543
19.66543
19.66543
19.385
19.11221
18.84674
18.84674
18.84674
18.93444
18.93444
18.93444
18.58832
18.33667
18.33667
18.33667
18.17253
18.33667
18.5037
18.17253
18.5037
18.5037
18.5037
18.41982
18.41982
18.41982
18.41982
18.25424
18.25424
18.25424
18.25424
18.5037
18.5037
18.5037
18.5037
18.5037
18.25424
18.25424
18.33667
18.41982
18.41982
18.41982
18.41982
18.25424
18.17253
18.17253
18.17253
18.17253
18.17253
19.11221
18.41982
18.17253
18.41982
18.5037
18.5037
18.58832
18.58832
18.6737
18.58832
18.5037
18.41982
18.25424
18.25424
18.25424
18.17253
18.09152
18.17253
18.17253
18.17253
18.17253
18.17253
18.58832
18.58832
18.58832
18.33667
18.33667
18.33667
17.85264
17.85264
18.25424
19.11221
19.11221
19.11221
19.11221
18.33667
18.33667
18.01121
18.33667
18.33667
18.75984
18.84674
18.84674
18.33667
18.09152
18.01121
18.01121
18.01121
17.93159
17.85264
17.54347
17.54347
17.54347
17.24449
17.24449
17.24449
17.09867
16.95521
16.95521
16.95521
17.09867
17.09867
17.17128
17.09867
17.09867
17.24449
17.3183
17.24449
17.24449
17.17128
17.17128
16.95521
16.95521
16.95521
16.95521
16.95521
16.81407
16.88435
16.60656
16.33748
16.33748
15.82386
15.0528
14.35125
14.2489
14.2489
14.2489
14.19826
14.098
14.098
14.098
14.40296
14.45503
14.56027
14.56027
14.61345
15.88635
15.88635
16.47096
16.47096
16.27152
15.34059
15.34059
15.34059
14.99649
14.88508
14.88508
15.2242
15.2242
15.28218
15.28218
15.2242
15.28218
15.51843
21.87164
22.46918
25.05935
22.46918
22.46918
22.71712
22.71712
22.71712
22.71712
20.65959
17.77436
16.95521
13.99911
13.99911
13.99911
13.99911
16.01276
16.95521
30.56832
48.22486
74.41982
74.41982
30.56832
18.17253
17.24449
16.40395
16.40395
15.16665
15.16665
15.16665
15.94931
22.97042
161.6383
161.6383
161.6383
25.36591
17.77436
11.4844
11.4844
11.4844
119.8457
119.8457
129.9968
129.9968
133.7597
133.7597
133.7597
133.7597
126.4335
126.4335
126.4335
119.8457
119.8457
126.4335
133.7597
133.7597
133.7597
133.7597
133.7597
126.4335
126.4335
133.7597
126.4335
137.7392
137.7392
126.4335
126.4335
126.4335
126.4335
126.4335
133.7597
133.7597
141.9542
133.7597
133.7597
141.9542
137.7392
137.7392
137.7392
137.7392
129.9968
129.9968
129.9968
137.7392
137.7392
137.7392
137.7392
137.7392
146.4262
146.4262
146.4262
146.4262
141.9542
137.7392
133.7597
133.7597
133.7597
133.7597
129.9968
129.9968
133.7597
173.5942
173.5942
187.3881
173.5942
167.41
167.41
180.2362
167.41
173.5942
180.2362
173.5942
173.5942
187.3881
187.3881
167.41
187.3881
180.2362
167.41
180.2362
180.2362
156.2394
156.2394
180.2362
180.2362
180.2362
187.3881
180.2362
187.3881
187.3881
187.3881
195.1101
195.1101
187.3881
187.3881
156.2394
103.5515
9.991773
9.890468
9.766599
9.766599
7.59696
5.926984
3.76382
1.979357
1.95401
1.801109
1.779969
1.711723
1.657022
1.711723
1.657022
1.657022
1.628241
1.620628
1.610084
1.55299
1.512844
1.497732
1.496432
1.495783
1.492545
1.491899
1.491899
1.491253
1.491253
1.490608
1.48932
1.48932
1.48932
1.490608
1.490608
1.490608
1.490608
1.490608
1.489964
1.489964
1.484828
1.484828
1.484828
1.488677
1.488677
1.48932
1.490608
1.491253
1.490608
1.489964
1.489964
1.489964
1.48932
1.48932
1.48932
1.489964
1.48932
1.48932
1.489964
1.489964
1.493191
1.496432
1.497082
1.497082
1.497082
1.497082
1.497082
1.497082
1.497082
1.495783
1.497082
1.500339
1.500339
1.499687
1.499687
1.499687
1.499687
1.500993
1.500993
1.501646
1.501646
1.501646
1.498383
1.497732
1.497732
1.497732
1.498383
1.498383
1.498383
1.497732
1.496432
1.496432
1.496432
1.497732
1.497732
1.499035
1.499035
1.500339
1.500339
1.500339
1.500993
1.499687
1.499687
1.501646
1.501646
1.499687
1.501646
1.500993
1.499687
1.500993
1.501646
1.500993
1.500339
1.500339
1.499687
1.499687
1.498383
1.498383
1.497082
1.497082
1.497082
1.497732
1.497732
1.499035
1.499035
1.499687
1.499687
1.498383
1.498383
1.499035
1.498383
1.498383
1.498383
1.497732
1.497732
1.497732
1.497732
1.499687
1.499687
1.510856
1.514836
2.568124
3.597189
6.835774
9.189736
12.04544
12.42379
12.78449